50 -200.0
100 -200.0
150 -141.83
200 -138.19
250 -128.81
300 -114.09
350 -111.96
400 -106.18
450 -106.94
500 -106.73
50 -200.0
100 -200.0
150 -141.15
200 -136.4
250 -126.91
300 -126.17
350 -107.56
400 -107.14
450 -106.85
500 -105.67
50 -200.0
100 -169.44
150 -139.61
200 -134.49
250 -124.38
300 -112.39
350 -108.98
400 -107.9
450 -110.76
500 -107.91
50 -200.0
100 -200.0
150 -144.17
200 -136.27
250 -122.4
300 -117.18
350 -114.6
400 -105.71
450 -108.03
500 -107.54
50 -200.0
100 -200.0
150 -137.44
200 -127.63
250 -127.96
300 -114.29
350 -112.17
400 -108.73
450 -105.55
500 -106.62
50 -200.0
100 -200.0
150 -136.3
200 -133.11
250 -127.93
300 -117.72
350 -113.9
400 -107.54
450 -104.92
500 -103.57
50 -200.0
100 -200.0
150 -137.09
200 -131.33
250 -129.1
300 -119.32
350 -109.73
400 -105.0
450 -104.45
500 -107.13
50 -200.0
100 -200.0
150 -145.03
200 -133.37
250 -123.62
300 -116.48
350 -115.26
400 -107.39
450 -105.03
500 -106.38
50 -200.0
100 -184.69
150 -134.6
200 -125.75
250 -129.1
300 -116.14
350 -106.1
400 -105.65
450 -104.25
500 -104.83
50 -200.0
100 -200.0
150 -142.88
200 -133.22
250 -124.35
300 -118.14
350 -107.58
400 -104.55
450 -107.51
500 -108.38
