50 -200.0
100 -168.35
150 -111.17
200 -103.63
250 -106.3
300 -102.57
350 -100.77
400 -106.75
450 -103.63
500 -105.29
50 -200.0
100 -181.48
150 -107.91
200 -110.05
250 -102.61
300 -106.59
350 -103.4
400 -100.81
450 -100.27
500 -102.6
50 -200.0
100 -198.63
150 -167.6
200 -108.46
250 -118.08
300 -105.47
350 -104.42
400 -101.52
450 -102.49
500 -101.73
50 -200.0
100 -195.65
150 -115.99
200 -106.71
250 -111.68
300 -104.48
350 -103.06
400 -104.66
450 -104.85
500 -105.62
50 -200.0
100 -198.45
150 -119.26
200 -106.83
250 -104.25
300 -102.33
350 -100.97
400 -104.08
450 -101.19
500 -103.53
50 -200.0
100 -189.94
150 -115.04
200 -103.53
250 -101.27
300 -102.08
350 -104.17
400 -105.74
450 -104.25
500 -103.37
50 -200.0
100 -200.0
150 -115.7
200 -104.44
250 -101.96
300 -101.98
350 -103.29
400 -103.22
450 -102.25
500 -101.53
50 -200.0
100 -200.0
150 -109.8
200 -109.15
250 -105.16
300 -104.88
350 -102.04
400 -104.15
450 -102.66
500 -102.34
50 -200.0
100 -187.08
150 -117.37
200 -106.32
250 -102.31
300 -101.94
350 -102.01
400 -101.87
450 -101.08
500 -100.68
50 -200.0
100 -200.0
150 -112.95
200 -104.0
250 -101.28
300 -102.58
350 -103.13
400 -104.04
450 -102.35
500 -106.59
