50 -134.69
100 -166.08
150 -147.62
200 -145.88
250 -141.42
300 -137.3
350 -138.56
400 -139.8
450 -136.44
500 -135.69
50 -128.77
100 -130.6
150 -135.44
200 -128.45
250 -125.46
300 -127.34
350 -128.78
400 -125.94
450 -124.49
500 -128.93
50 -147.05
100 -139.2
150 -107.5
200 -107.94
250 -105.77
300 -105.69
350 -107.41
400 -104.59
450 -107.47
500 -106.91
50 -173.08
100 -161.81
150 -154.7
200 -152.71
250 -159.35
300 -153.4
350 -155.36
400 -153.67
450 -154.81
500 -152.06
50 -144.15
100 -155.59
150 -158.37
200 -159.69
250 -163.03
300 -165.6
350 -171.13
400 -175.21
450 -175.19
500 -169.24
50 -144.79
100 -125.22
150 -128.07
200 -117.13
250 -124.51
300 -124.46
350 -121.35
400 -126.52
450 -125.7
500 -129.48
50 -200.0
100 -178.95
150 -173.04
200 -174.38
250 -169.89
300 -169.42
350 -167.93
400 -167.01
450 -168.76
500 -165.15
50 -189.07
100 -140.98
150 -128.79
200 -127.19
250 -127.33
300 -124.27
350 -130.03
400 -132.01
450 -130.21
500 -131.45
50 -200.0
100 -137.56
150 -139.01
200 -126.86
250 -128.99
300 -128.42
350 -129.11
400 -123.05
450 -125.41
500 -123.9
50 -165.31
100 -132.81
150 -130.86
200 -121.73
250 -128.33
300 -125.33
350 -124.46
400 -127.9
450 -129.83
500 -148.19
