Run  1
50 -143.78
100 -132.92
150 -130.15
200 -119.03
250 -119.78
300 -105.59
350 -101.22
400 -101.75
450 -100.53
500 -99.15
Run  2
50 -136.85
100 -129.62
150 -127.4
200 -127.33
250 -116.97
300 -116.02
350 -100.34
400 -100.98
450 -99.9
500 -100.47
Run  3
50 -135.48
100 -133.79
150 -128.4
200 -128.29
250 -122.32
300 -114.61
350 -101.23
400 -102.45
450 -106.73
500 -103.22
Run  4
50 -135.79
100 -128.15
150 -133.43
200 -118.74
250 -117.89
300 -119.55
350 -105.88
400 -104.08
450 -104.07
500 -102.05
Run  5
50 -138.92
100 -140.81
150 -131.43
200 -119.0
250 -115.04
300 -106.31
350 -100.61
400 -98.63
450 -101.94
500 -101.84
Run  6
50 -136.71
100 -133.45
150 -127.32
200 -118.88
250 -115.17
300 -116.18
350 -100.16
400 -101.16
450 -98.19
500 -99.73
Run  7
50 -147.77
100 -132.3
150 -131.04
200 -128.46
250 -120.78
300 -115.11
350 -108.34
400 -105.32
450 -100.83
500 -98.47
Run  8
50 -133.77
100 -138.75
150 -130.31
200 -121.08
250 -112.05
300 -103.99
350 -105.72
400 -100.02
450 -100.58
500 -100.05
Run  9
50 -140.27
100 -128.02
150 -123.57
200 -119.35
250 -121.17
300 -109.55
350 -102.04
400 -102.78
450 -99.86
500 -103.2
Run  10
50 -132.73
100 -134.19
150 -123.49
200 -117.68
250 -109.02
300 -106.05
350 -100.25
400 -101.32
450 -98.56
500 -101.71
