50 -130.64
100 -130.49
150 -126.82
200 -130.96
250 -126.28
300 -126.92
350 -129.89
400 -122.45
450 -125.43
500 -128.93
50 -149.91
100 -129.38
150 -126.96
200 -123.96
250 -121.12
300 -122.41
350 -120.08
400 -121.61
450 -119.49
500 -119.79
50 -146.4
100 -140.51
150 -135.1
200 -135.89
250 -131.47
300 -131.31
350 -130.85
400 -131.69
450 -126.51
500 -128.08
50 -150.91
100 -144.07
150 -145.4
200 -145.56
250 -150.33
300 -149.06
350 -130.81
400 -126.08
450 -125.58
500 -138.42
50 -149.38
100 -150.84
150 -143.5
200 -139.4
250 -138.14
300 -133.6
350 -140.3
400 -138.73
450 -136.49
500 -130.33
50 -156.27
100 -151.76
150 -147.23
200 -149.51
250 -153.0
300 -149.27
350 -149.23
400 -164.38
450 -156.02
500 -157.63
50 -129.75
100 -112.98
150 -108.2
200 -108.51
250 -108.35
300 -109.18
350 -109.03
400 -108.78
450 -109.94
500 -109.14
50 -129.67
100 -126.83
150 -128.48
200 -128.74
250 -123.89
300 -121.21
350 -124.87
400 -121.89
450 -125.95
500 -126.34
50 -146.38
100 -143.2
150 -144.03
200 -143.76
250 -143.65
300 -144.65
350 -144.41
400 -145.35
450 -144.54
500 -145.92
50 -173.75
100 -192.58
150 -198.27
200 -198.41
250 -192.61
300 -198.09
350 -197.01
400 -191.54
450 -186.96
500 -193.31
