Results

Varying Lamdba for sarsa lambda
lamdba 0.8 Average reward over 100 trials:  -154.93
lamdba 0.8 Average reward over 100 trials:  -154.4
lamdba 0.8 Average reward over 100 trials:  -158.71
lamdba 0.8 Average reward over 100 trials:  -149.87
lamdba 0.8 Average reward over 100 trials:  -148.77
lamdba 0.85 Average reward over 100 trials:  -156.27
lamdba 0.85 Average reward over 100 trials:  -148.12
lamdba 0.85 Average reward over 100 trials:  -146.23
lamdba 0.85 Average reward over 100 trials:  -162.24
lamdba 0.85 Average reward over 100 trials:  -144.26
lamdba 0.9 Average reward over 100 trials:  -141.66
lamdba 0.9 Average reward over 100 trials:  -144.38
lamdba 0.9 Average reward over 100 trials:  -139.06
lamdba 0.9 Average reward over 100 trials:  -120.76
lamdba 0.9 Average reward over 100 trials:  -138.09
lamdba 0.92 Average reward over 100 trials:  -129.25
lamdba 0.92 Average reward over 100 trials:  -149.43
lamdba 0.92 Average reward over 100 trials:  -142.03
lamdba 0.92 Average reward over 100 trials:  -152.97
lamdba 0.92 Average reward over 100 trials:  -141.18
lamdba 0.95 Average reward over 100 trials:  -157.46
lamdba 0.95 Average reward over 100 trials:  -155.1
lamdba 0.95 Average reward over 100 trials:  -153.97
lamdba 0.95 Average reward over 100 trials:  -145.27
lamdba 0.95 Average reward over 100 trials:  -143.65
lamdba 0.98 Average reward over 100 trials:  -154.18
lamdba 0.98 Average reward over 100 trials:  -112.23
lamdba 0.98 Average reward over 100 trials:  -137.7
lamdba 0.98 Average reward over 100 trials:  -112.59
lamdba 0.98 Average reward over 100 trials:  -142.95
lamdba 0.99 Average reward over 100 trials:  -154.57
lamdba 0.99 Average reward over 100 trials:  -152.06
lamdba 0.99 Average reward over 100 trials:  -147.84
lamdba 0.99 Average reward over 100 trials:  -178.95
lamdba 0.99 Average reward over 100 trials:  -124.33


sarsa

Run  1
50 -134.69
100 -166.08
150 -147.62
200 -145.88
250 -141.42
300 -137.3
350 -138.56
400 -139.8
450 -136.44
500 -135.69
Run  2
50 -128.77
100 -130.6
150 -135.44
200 -128.45
250 -125.46
300 -127.34
350 -128.78
400 -125.94
450 -124.49
500 -128.93
Run  3
50 -147.05
100 -139.2
150 -107.5
200 -107.94
250 -105.77
300 -105.69
350 -107.41
400 -104.59
450 -107.47
500 -106.91
Run  4
50 -173.08
100 -161.81
150 -154.7
200 -152.71
250 -159.35
300 -153.4
350 -155.36
400 -153.67
450 -154.81
500 -152.06
Run  5
50 -144.15
100 -155.59
150 -158.37
200 -159.69
250 -163.03
300 -165.6
350 -171.13
400 -175.21
450 -175.19
500 -169.24
Run  6
50 -144.79
100 -125.22
150 -128.07
200 -117.13
250 -124.51
300 -124.46
350 -121.35
400 -126.52
450 -125.7
500 -129.48
Run  7
50 -200.0
100 -178.95
150 -173.04
200 -174.38
250 -169.89
300 -169.42
350 -167.93
400 -167.01
450 -168.76
500 -165.15
Run  8
50 -189.07
100 -140.98
150 -128.79
200 -127.19
250 -127.33
300 -124.27
350 -130.03
400 -132.01
450 -130.21
500 -131.45
Run  9
50 -200.0
100 -137.56
150 -139.01
200 -126.86
250 -128.99
300 -128.42
350 -129.11
400 -123.05
450 -125.41
500 -123.9
Run  10
50 -165.31
100 -132.81
150 -130.86
200 -121.73
250 -128.33
300 -125.33
350 -124.46
400 -127.9
450 -129.83
500 -148.19


TAMER+RL
Run  1
50 -200.0
100 -200.0
150 -141.83
200 -138.19
250 -128.81
300 -114.09
350 -111.96
400 -106.18
450 -106.94
500 -106.73
Run  2
50 -200.0
100 -200.0
150 -141.15
200 -136.4
250 -126.91
300 -126.17
350 -107.56
400 -107.14
450 -106.85
500 -105.67
Run  3
50 -200.0
100 -169.44
150 -139.61
200 -134.49
250 -124.38
300 -112.39
350 -108.98
400 -107.9
450 -110.76
500 -107.91
Run  4
50 -200.0
100 -200.0
150 -144.17
200 -136.27
250 -122.4
300 -117.18
350 -114.6
400 -105.71
450 -108.03
500 -107.54
Run  5
50 -200.0
100 -200.0
150 -137.44
200 -127.63
250 -127.96
300 -114.29
350 -112.17
400 -108.73
450 -105.55
500 -106.62
Run  6
50 -200.0
100 -200.0
150 -136.3
200 -133.11
250 -127.93
300 -117.72
350 -113.9
400 -107.54
450 -104.92
500 -103.57
Run  7
50 -200.0
100 -200.0
150 -137.09
200 -131.33
250 -129.1
300 -119.32
350 -109.73
400 -105.0
450 -104.45
500 -107.13
Run  8
50 -200.0
100 -200.0
150 -145.03
200 -133.37
250 -123.62
300 -116.48
350 -115.26
400 -107.39
450 -105.03
500 -106.38
Run  9
50 -200.0
100 -184.69
150 -134.6
200 -125.75
250 -129.1
300 -116.14
350 -106.1
400 -105.65
450 -104.25
500 -104.83
Run  10
50 -200.0
100 -200.0
150 -142.88
200 -133.22
250 -124.35
300 -118.14
350 -107.58
400 -104.55
450 -107.51
500 -108.38


DEMO+RL

Run  1
50 -143.78
100 -132.92
150 -130.15
200 -119.03
250 -119.78
300 -105.59
350 -101.22
400 -101.75
450 -100.53
500 -99.15
Run  2
50 -136.85
100 -129.62
150 -127.4
200 -127.33
250 -116.97
300 -116.02
350 -100.34
400 -100.98
450 -99.9
500 -100.47
Run  3
50 -135.48
100 -133.79
150 -128.4
200 -128.29
250 -122.32
300 -114.61
350 -101.23
400 -102.45
450 -106.73
500 -103.22
Run  4
50 -135.79
100 -128.15
150 -133.43
200 -118.74
250 -117.89
300 -119.55
350 -105.88
400 -104.08
450 -104.07
500 -102.05
Run  5
50 -138.92
100 -140.81
150 -131.43
200 -119.0
250 -115.04
300 -106.31
350 -100.61
400 -98.63
450 -101.94
500 -101.84
Run  6
50 -136.71
100 -133.45
150 -127.32
200 -118.88
250 -115.17
300 -116.18
350 -100.16
400 -101.16
450 -98.19
500 -99.73
Run  7
50 -147.77
100 -132.3
150 -131.04
200 -128.46
250 -120.78
300 -115.11
350 -108.34
400 -105.32
450 -100.83
500 -98.47
Run  8
50 -133.77
100 -138.75
150 -130.31
200 -121.08
250 -112.05
300 -103.99
350 -105.72
400 -100.02
450 -100.58
500 -100.05
Run  9
50 -140.27
100 -128.02
150 -123.57
200 -119.35
250 -121.17
300 -109.55
350 -102.04
400 -102.78
450 -99.86
500 -103.2
Run  10
50 -132.73
100 -134.19
150 -123.49
200 -117.68
250 -109.02
300 -106.05
350 -100.25
400 -101.32
450 -98.56
500 -101.71


DETARL

Run  1
50 -200.0
100 -168.35
150 -111.17
200 -103.63
250 -106.3
300 -102.57
350 -100.77
400 -106.75
450 -103.63
500 -105.29
Run  2
50 -200.0
100 -181.48
150 -107.91
200 -110.05
250 -102.61
300 -106.59
350 -103.4
400 -100.81
450 -100.27
500 -102.6
Run  3
50 -200.0
100 -198.63
150 -167.6
200 -108.46
250 -118.08
300 -105.47
350 -104.42
400 -101.52
450 -102.49
500 -101.73
Run  4
50 -200.0
100 -195.65
150 -115.99
200 -106.71
250 -111.68
300 -104.48
350 -103.06
400 -104.66
450 -104.85
500 -105.62
Run  5
50 -200.0
100 -198.45
150 -119.26
200 -106.83
250 -104.25
300 -102.33
350 -100.97
400 -104.08
450 -101.19
500 -103.53
Run  6
50 -200.0
100 -189.94
150 -115.04
200 -103.53
250 -101.27
300 -102.08
350 -104.17
400 -105.74
450 -104.25
500 -103.37
Run  7
50 -200.0
100 -200.0
150 -115.7
200 -104.44
250 -101.96
300 -101.98
350 -103.29
400 -103.22
450 -102.25
500 -101.53
Run  8
50 -200.0
100 -200.0
150 -109.8
200 -109.15
250 -105.16
300 -104.88
350 -102.04
400 -104.15
450 -102.66
500 -102.34
Run  9
50 -200.0
100 -187.08
150 -117.37
200 -106.32
250 -102.31
300 -101.94
350 -102.01
400 -101.87
450 -101.08
500 -100.68
Run  10
50 -200.0
100 -200.0
150 -112.95
200 -104.0
250 -101.28
300 -102.58
350 -103.13
400 -104.04
450 -102.35
500 -106.59
